592
396
124
209
787
697
653
239
329
209
425
468
146
473
303
209
242
221
907
521
933
191
391
69
505
437
217
871
975
33
813
854
503
195
487
437
951
427
318
74
593
92
927
722
975
575
528
313
795
335
308
421
446
781
20
124
797
70
11
207
819
747
661
866
864
348
771
571
430
158
725
682
936
261
337
879
963
675
575
740
442
248
180
398
318
439
865
868
305
234
538
32
392
100
604
39
954
11
321
535
280
958
981
424
786
984
575
120
867
68
101
184
585
955
340
818
94
188
95
245
264
624
98
247
441
593
329
567
585
718
373
975
849
711
951
958
721
843
750
433
43
642
430
7
66
395
530
303
904
782
369
210
586
998
9
544
654
549
895
136
908
558
266
252
734
166
71
508
738
938
884
937
64
449
243
893
803
351
810
352
384
686
212
322
924
738
708
813
58
215
136
956
278
665
852
379
827
604
331
176
297
696
501
722
594
157
959
544
530
374
994
395
817
713
779
571
792
266
319
822
61
876
905
209
444
465
278
985
511
1
888
909
476
997
616
294
226
986
696
321
835
642
611
806
557
564
973
860
40
624
591
674
410
447
161
96
330
243
314
785
981
457
161
582
817
82
791
198
978
714
354
309
500
860
484
272
474
157
163
338
994
908
328
91
976
224
365
284
35
474
42
546
888
760
493
203
855
553
682
928
309
484
487
664
458
240
241
895
202
520
956
288
92
416
241
597
282
567
953
332
828
265
926
89
762
950
519
992
830
810
441
494
366
323
497
779
498
115
40
363
298
889
940
952
910
219
144
15
745
15
311
729
689
938
359
857
336
108
464
988
477
38
80
278
291
818
401
843
635
759
921
533
399
902
788
615
227
673
426
155
769
811
315
244
102
652
38
391
469
429
436
665
494
919
168
356
4
814
415
292
137
202
418
653
814
986
451
421
687
580
536
212
778
25
5
565
923
431
659
99
389
495
511
452
953
224
579
177
695
303
464
847
156
285
889
819
996
214
781
896
895
585
512
797
594
964
855
723
168
589
30
198
670
123
888
75
132
379
875
824
614
862
128
132
782
322
276
171
800
645
372
839
394
733
37
591
865
362
368
302
925
454
779
869
421
171
586
95
984
610
550
248
880
450
891
139
344
900
790
737
303
911
973
158
547
654
843
436
496
213
114
998
409
679
115
652
705
411
592
151
460
993
155
191
526
800
998
923
58
464
607
283
989
131
565
183
727
988
861
108
951
480
633
624
703
161
495
770
918
659
380
196
586
341
961
113
546
59
602
774
311
191
348
180
194
977
280
841
263
978
171
804
981
546
402
828
606
734
91
480
800
14
179
448
333
881
572
430
909
789
95
823
58
666
58
127
757
726
9
145
393
664
93
133
758
852
26
476
679
522
468
590
90
806
386
655
640
290
707
798
684
248
2
928
483
236
759
683
224
440
831
213
235
55
333
96
628
156
871
746
84
143
640
273
271
815
938
476
859
639
528
407
945
773
911
763
603
459
127
392
188
803
317
826
675
173
254
895
759
156
520
357
359
917
666
362
896
197
815
465
453
439
711
766
624
774
781
564
712
925
110
526
620
712
941
792
322
672
706
725
451
689
311
993
518
582
389
603
155
573
455
992
72
30
257
306
636
764
225
582
520
734
571
258
74
517
792
551
632
603
325
440
380
593
918
94
908
855
567
213
770
750
387
554
421
14
180
113
819
16
39
225
591
15
194
648
728
593
900
799
973
171
174
297
569
462
919
651
185
919
209
113
43
469
234
252
886
692
183
695
507
167
437
868
887
450
842
623
608
167
948
105
624
417
265
612
696
338
222
336
756
205
642
417
16
625
720
314
997
832
873
20
411
157
8
201
743
255
231
531
582
140
702
151
483
704
140
20
193
396
506
938
633
423
801
944
966
465
118
786
929
781
403
953
774
281
708
346
798
672
59
710
505
999
552
866
478
548
970
491
643
72
246
633
664
989
337
256
40
313
186
791
299
810
901
534
733
665
18
123
384
279
162
381
737
682
459
958
63
472
933
289
68
652
289
417
136
782
782
605
505
49
367
777
374
773
416
591
813
64
21
288
36
855
921
170
375
519
125
866
303
978
562
539
675
294
148
964
633
513
841
903
669
893
187
818
380
231
117
176
472
70
336
809
867
594
24
195
525
740
186
366
941
435
604
886
676
507
291
346
820
24
593
999
247
102
418
679
902
633
226
170
586
540
701
735
313
126
548
289
929
195
815
174
375
292
163
579
411
385
954
527
403
181
267
971
13
112
765
26
523
752
990
912
291
868
68
546
795
161
515
568
783
23
772
147
279
861
179
377
773
621
563
606
631
386
766
986
981
437
885
442
749
974
790
133
168
433
956
380
813
249
866
849
63
189
683
43
923
841
60
33
379
365
436
118
9
66
926
552
834
886
59
336
750
109
249
609
12
725
585
39
125
171
811
876
193
256
620
996
48
206
972
623
285
879
94
438
6
346
525
625
689
825
798
581
432
588
131
943
337
117
147
609
166
77
365
296
294
510
641
501
562
530
365
392
136
910
801
180
947
984
110
957
334
404
516
466
996
620
25
922
448
194
30
650
186
471
917
303
340
277
799
18
379
905
994
127
407
397
78
214
338
240
428
111
399
564
339
701
210
427
584
433
774
254
251
59
849
516
417
908
5
629
980
590
14
416
653
72
589
914
127
132
295
691
466
331
488
512
644
795
210
519
838
276
995
235
209
436
625
422
648
99
549
121
253
248
155
142
174
354
252
353
983
734
890
228
760
356
129
596
572
400
545
423
172
305
436
607
10
14
908
12
853
325
696
676
105
587
638
767
21
474
703
681
448
227
142
48
54
258
600
250
264
827
771
728
886
363
988
780
577
188
865
2
395
9
662
22
560
341
344
424
207
132
664
791
137
427
398
380
267
862
725
654
752
64
327
621
241
168
528
295
158
433
216
186
549
23
272
783
326
190
627
580
228
587
672
256
803
489
200
984
641
708
160
636
763
893
396
174
518
614
962
614
308
526
324
112
239
225
243
172
387
214
321
574
58
439
313
365
367
714
358
426
783
857
441
819
449
660
54
618
684
862
90
236
185
858
95
579
252
933
651
886
421
365
531
82
852
417
642
14
658
317
378
30
243
83
258
217
238
539
254
480
605
978
758
270
231
10
510
487
28
38
395
653
260
132
151
470
877
854
717
157
247
576
915
80
548
601
97
753
205
853
821
803
538
96
857
619
688
168
537
404
755
114
970
456
903
904
624
536
199
433
482
410
313
445
25
922
485
615
698
754
396
375
865
887
1
610
294
602
195
642
773
305
965
449
623
67
446
210
952
440
225
864
386
318
473
112
471
798
519
784
141
961
341
92
638
644
990
190
973
246
26
451
872
579
635
329
643
16
524
875
253
582
638
170
738
317
123
798
841
639
90
527
790
133
208
85
507
108
159
352
689
606
347
119
654
553
844
997
106
840
912
168
693
554
342
553
239
784
928
41
487
192
540
666
556
964
637
627
530
460
859
583
388
412
923
465
50
363
661
885
760
806
909
378
801
898
45
120
126
560
659
975
194
37
902
316
185
916
217
348
40
246
513
369
888
393
255
695
101
477
144
465
561
118
203
136
655
406
647
167
635
354
339
149
608
345
695
478
905
489
873
204
147
561
823
48
365
483
911
449
255
936
379
760
391
487
227
870
770
768
38
835
688
943
922
680
737
958
859
92
501
553
372
887
37
316
711
364
623
495
882
793
933
579
741
737
493
822
676
457
259
509
639
640
106
166
724
533
5
610
17
262
880
448
444
775
518
673
785
548
410
528
111
415
100
669
343
650
691
185
123
396
521
91
109
882
327
614
633
265
63
770
446
669
385
788
663
997
448
653
125
882
812
84
247
505
845
967
812
719
315
42
299
875
715
395
440
844
433
544
763
628
309
557
457
786
508
153
68
289
129
29
982
376
712
357
211
811
953
977
622
313
266
235
46
862
620
19
86
175
92
479
230
862
349
427
100
928
712
563
907
855
835
984
174
192
375
410
23
401
373
753
977
850
205
26
125
328
76
189
194
522
694
547
627
338
506
975
657
483
168
818
8
877
550
753
443
552
677
264
204
598
678
468
237
784
950
414
817
843
232
617
446
96
507
334
669
241
639
127
517
774
803
362
255
206
411
89
58
733
627
659
784
665
673
945
125
727
324
366
532
173
941
37
805
687
621
90
74
460
113
591
550
772
434
66
215
942
220
238
992
452
843
290
932
653
87
370
294
226
486
385
956
209
119
220
394
234
560
387
837
360
747
784
235
351
979
409
483
632
743
109
990
131
606
745
253
852
591
455
397
646
431
164
778
558
384
950
582
597
642
574
866
740
296
698
140
697
305
835
844
393
773
744
904
11
615
238
836
518
659
21
690
517
872
177
920
603
464
814
626
789
980
191
628
294
489
502
426
576
508
910
583
243
494
289
221
290
143
793
760
613
824
701
432
29
201
102
440
223
967
313
96
594
856
783
860
26
679
203
553
263
253
652
393
212
39
283
373
532
274
784
105
943
346
217
14
99
196
723
881
973
960
528
60
385
676
467
768
784
92
328
785
232
643
317
397
393
473
477
154
717
105
224
416
196
648
474
419
348
285
183
782
510
569
387
452
535
382
801
891
918
809
527
104
51
286
610
775
844
439
526
952
796
772
229
344
564
913
102
507
625
461
72
4
776
574
207
670
170
454
228
959
643
941
828
619
102
241
161
854
832
446
1
962
542
684
60
643
373
435
773
869
214
773
176
516
510
664
7
745
20
444
362
997
224
612
78
11
977
158
909
626
349
533
181
443
976
432
499
652
620
779
893
195
426
81
372
644
382
741
931
818
888
282
176
74
678
674
676
799
540
499
179
395
322
237
92
578
138
545
193
596
483
911
264
266
974
663
574
524
95
596
939
282
876
110
792
26
404
304
25
598
837
547
326
26
572
470
709
564
809
696
571
744
935
484
692
721
393
122
331
551
803
962
77
646
694
378
775
196
515
964
567
795
431
635
213
527
165
865
193
995
191
814
886
414
181
998
349
855
970
378
102
264
832
327
360
425
284
339
862
766
362
457
958
28
82
912
782
378
189
516
846
889
688
691
212
412
210
741
598
284
367
304
489
834
770
819
377
489
895
811
204
796
816
50
377
190
165
425
810
503
187
483
804
261
876
108
497
637
955
969
1
299
9
32
457
275
691
793
783
300
795
989
264
186
645
122
788
275
901
328
973
218
35
419
801
718
946
769
655
169
939
425
936
238
2
106
913
539
435
424
582
982
614
636
750
987
161
639
203
136
859
573
749
246
471
875
733
428
307
860
442
401
471
998
356
337
841
207
693
358
300
496
368
287
28
877
29
464
128
90
512
29
110
228
780
914
309
403
22
654
845
311
190
515
218
400
704
831
256
558
16
193
979
711
795
583
738
982
142
418
820
597
315
143
70
919
786
23
344
107
879
786
503
111
963
260
50
283
265
264
362
589
457
822
321
421
349
109
715
834
526
398
245
645
96
65
50
342
873
57
705
733
666
547
351
71
663
150
339
548
346
711
69
680
419
331
167
352
157
324
549
833
872
444
67
947
814
618
239
406
119
768
311
747
209
551
426
648
613
554
789
963
221
258
640
539
354
645
807
819
909
533
916
271
510
702
400
767
65
659
210
109
676
358
887
525
515
212
161
432
961
811
601
820
406
363
555
484
366
872
889
341
849
670
143
957
132
242
646
102
301
348
17
399
729
840
70
586
927
435
90
472
177
498
400
442
882
762
205
26
826
488
810
543
42
521
112
961
455
95
290
553
759
966
991
829
30
109
214
225
731
887
268
80
132
896
572
178
961
614
950
750
397
468
974
812
732
567
732
3
43
109
186
565
519
951
802
824
239
288
906
186
833
541
38
276
924
787
192
149
81
107
50
74
695
547
72
519
78
216
491
749
342
686
371
785
416
66
686
888
95
415
187
66
662
367
154
959
219
78
665
651
274
113
217
170
668
645
929
934
246
699
988
241
216
550
59
193
951
936
114
858
572
232
843
187
795
536
73
766
732
795
580
663
233
772
200
437
242
101
173
147
612
509
244
631
60
390
691
934
34
511
523
839
338
317
584
312
117
684
800
529
77
471
202
354
573
536
326
667
873
297
407
189
374
496
185
86
961
679
578
992
882
793
588
223
417
944
241
574
927
168
834
91
407
195
420
507
673
381
192
389
4
598
676
2
880
644
193
626
797
865
203
663
786
537
439
87
89
202
787
716
968
766
13
621
347
867
751
953
93
18
936
300
677
172
320
17
208
179
643
933
173
651
699
637
198
831
376
380
818
565
145
520
612
982
240
447
495
645
328
550
482
682
363
528
518
85
727
874
165
486
676
346
946
68
36
792
831
235
91
479
324
897
269
792
545
67
101
473
231
982
176
502
674
163
596
442
542
743
19
868
593
352
535
32
281
196
757
471
305
912
705
729
497
120
102
594
617
884
359
429
373
948
56
854
620
715
604
131
735
410
662
266
513
847
324
361
583
900
171
464
203
679
64
876
64
488
418
997
825
949
690
687
160
335
282
962
571
969
939
420
658
323
642
395
999
817
524
671
650
437
646
142
770
128
295
101
589
497
372
673
187
22
827
306
279
281
611
706
928
357
410
750
563
900
702
869
896
167
500
535
237
338
22
585
888
437
102
597
683
227
563
188
111
702
534
339
623
279
847
509
920
216
2
119
924
709
385
441
102
224
698
660
883
667
511
870
388
784
263
680
638
75
394
215
419
988
297
194
317
137
316
920
549
403
86
197
549
995
360
364
307
560
907
735
907
945
132
402
162
896
111
213
183
515
574
991
284
970
184
2
977
382
213
374
631
750
172
705
369
200
240
120
632
330
577
886
255
830
596
810
204
471
41
56
3
334
843
970
663
906
617
658
798
83
985
328
250
746
101
331
661
982
647
516
206
231
534
722
831
281
501
910
283
260
962
614
482
716
760
149
115
188
713
137
380
516
312
404
419
446
13
510
877
867
607
133
445
929
690
642
253
12
372
82
926
629
263
911
446
314
922
535
682
741
346
492
825
935
473
903
616
112
113
762
711
947
580
578
6
963
644
362
712
667
598
542
283
441
665
524
879
137
386
954
386
26
979
551
42
861
719
760
697
512
967
175
297
16
832
168
527
44
615
313
859
960
438
347
36
932
362
937
428
492
961
855
449
751
964
275
88
884
989
553
709
678
38
301
829
94
761
852
550
963
209
347
741
802
571
235
586
169
459
32
378
682
728
620
454
513
994
748
610
62
655
374
117
669
69
418
428
981
624
974
24
196
691
318
824
900
390
803
484
435
191
771
615
205
544
652
647
371
318
890
311
878
74
37
422
445
896
730
893
80
18
285
494
424
177
800
52
107
200
952
795
684
280
485
972
38
318
437
796
282
395
15
993
620
467
425
832
560
805
470
994
302
758
699
768
374
554
269
480
529
613
504
499
529
283
560
561
655
745
644
667
545
951
643
2
871
171
3
500
625
345
503
661
445
816
970
466
143
841
635
111
11
662
222
761
42
251
127
517
126
851
397
78
577
716
81
953
988
149
77
735
984
498
195
275
642
51
394
118
97
911
847
83
924
147
309
97
259
297
953
692
703
394
926
385
804
105
659
473
169
613
473
403
260
89
703
633
535
955
937
991
574
955
645
824
635
325
255
381
525
43
335
548
899
304
585
511
708
204
887
91
941
318
893
567
439
106
758
288
426
566
460
795
872
43
735
305
918
229
389
478
205
770
281
793
79
548
380
267
184
21
565
750
660
192
182
180
203
174
415
567
299
299
230
520
828
800
883
230
913
949
323
478
267
753
929
624
1
196
852
962
223
816
140
47
54
719
606
893
309
222
885
50
724
33
80
846
319
641
524
912
503
47
206
176
816
895
901
595
279
117
825
22
70
424
191
663
64
205
769
451
169
802
742
16
317
147
547
829
690
555
325
955
525
865
548
581
582
758
732
179
272
743
7
484
665
655
364
363
900
498
657
394
807
48
268
928
509
627
598
639
731
480
534
446
647
710
812
660
377
249
385
832
4
209
577
975
282
37
755
123
697
316
979
693
487
436
870
91
145
95
182
796
875
491
285
162
675
976
869
748
686
504
998
161
37
962
723
690
68
583
127
143
678
318
815
551
94
571
81
485
373
907
343
292
654
830
445
129
671
893
330
778
744
648
890
344
938
34
579
726
219
487
433
225
695
95
736
136
438
525
660
360
555
835
875
68
757
744
920
637
455
775
615
162
878
766
490
700
66
806
828
430
759
568
373
162
619
948
283
690
751
880
925
563
572
671
597
826
12
459
923
404
985
359
490
877
648
952
757
414
272
899
32
562
262
206
995
112
798
418
435
685
428
788
133
748
323
423
864
118
56
802
536
573
107
313
301
916
395
835
280
100
407
941
958
505
442
131
87
339
821
625
499
729
142
840
73
144
982
900
420
642
245
940
794
940
428
535
330
707
726
291
502
826
499
851
479
949
601
508
546
305
754
832
734
841
598
347
216
89
828
525
618
641
887
863
74
213
145
290
240
410
166
708
564
482
751
388
537
925
600
664
661
752
108
292
389
799
81
113
630
368
327
999
1
464
371
328
915
119
478
219
80
753
812
11
517
989
96
341
665
668
756
822
714
734
383
66
157
296
829
742
793
883
736
921
27
487
464
100
721
647
694
765
969
831
367
958
526
624
53
820
855
601
407
364
527
261
125
498
723
8
733
623
703
468
918
535
816
963
934
613
953
555
145
825
502
195
244
349
210
184
948
153
741
641
313
680
289
650
599
649
215
740
845
948
674
29
930
431
546
303
355
115
402
384
187
481
230
381
500
560
906
9
358
777
29
670
264
587
343
632
571
374
508
735
319
257
979
513
711
349
799
295
10
547
374
533
510
212
325
543
899
946
892
742
916
742
345
219
622
436
719
54
822
121
16
906
243
407
816
474
787
223
874
569
998
497
299
336
505
104
373
474
549
405
762
170
66
568
821
917
812
531
143
880
470
826
124
763
171
774
973
194
949
205
47
431
149
335
545
984
987
475
835
392
170
771
217
585
897
150
767
263
928
856
834
702
527
265
561
805
833
964
273
580
504
956
226
46
57
744
720
654
828
968
955
962
481
230
350
3
253
391
524
160
80
89
836
851
845
512
665
180
483
915
203
441
827
15
519
79
46
943
749
858
796
565
570
78
220
702
22
349
865
476
916
330
706
137
787
859
241
839
164
519
357
629
583
362
113
882
443
45
753
896
736
876
426
460
189
676
135
110
606
193
54
831
419
925
246
168
182
792
199
619
350
848
181
138
267
304
647
832
524
272
144
948
488
609
563
447
958
802
884
263
129
106
878
587
640
130
895
488
951
183
856
939
498
921
120
513
560
64
490
296
266
125
804
913
907
907
634
635
885
348
424
217
43
463
828
264
671
703
519
994
679
462
93
786
91
866
16
689
75
649
582
806
375
321
860
273
893
370
298
854
62
669
323
671
506
230
973
529
844
84
415
197
903
644
322
932
87
164
621
32
699
984
504
993
675
958
17
535
752
528
974
128
198
646
484
295
619
793
178
251
379
21
97
285
221
612
191
446
334
331
175
624
254
460
626
491
406
86
729
916
441
352
830
352
92
765
523
778
845
802
254
169
664
67
632
766
158
312
481
461
796
506
382
926
143
34
973
198
943
334
568
754
645
317
147
351
253
704
83
578
459
940
178
105
636
91
665
400
532
646
817
38
880
233
249
181
222
661
187
878
762
777
108
654
72
469
431
247
291
378
941
111
500
626
143
849
878
209
553
653
802
166
998
794
277
983
589
156
723
419
689
166
331
993
157
64
10
127
432
818
466
37
746
921
556
544
864
400
904
753
970
426
814
986
437
221
708
839
768
74
318
435
737
877
262
519
967
690
194
947
472
112
190
759
174
163
396
667
505
295
514
364
86
308
306
334
729
306
121
152
38
374
731
253
595
200
740
844
907
333
119
545
228
762
732
510
561
669
825
80
868
913
502
30
785
687
92
339
757
315
424
861
177
524
916
40
702
820
922
839
884
716
705
556
582
972
284
581
181
851
630
507
888
385
577
544
582
220
564
584
935
939
313
318
730
406
868
33
947
197
484
358
294
660
847
986
303
797
732
213
381
703
283
994
758
199
984
530
481
764
790
218
478
633
440
750
891
237
683
536
334
732
575
900
54
410
357
481
327
758
513
846
963
80
807
838
130
950
781
922
297
940
995
950
241
949
69
57
833
992
585
820
386
184
559
143
104
634
524
363
740
766
834
372
759
349
348
991
884
827
828
110
848
407
132
732
524
893
895
364
423
569
984
49
659
84
755
206
63
181
654
268
379
251
648
577
40
591
800
378
434
932
294
340
310
419
97
122
437
224
77
99
590
632
376
767
670
970
915
458
781
817
526
995
7
282
250
357
326
891
760
273
691
82
209
915
513
179
956
488
444
949
534
177
487
252
326
808
391
888
519
937
638
502
841
629
321
363
287
832
304
767
720
425
643
163
413
610
569
878
537
354
147
501
802
439
705
812
778
964
256
340
878
458
565
491
221
406
557
305
371
103
867
76
880
570
292
334
691
518
936
142
469
51
227
261
246
24
108
440
798
745
251
119
858
418
654
743
209
660
361
177
489
773
723
772
583
438
801
223
640
794
793
598
716
95
675
204
571
592
123
966
247
740
45
16
167
869
121
913
236
159
690
653
79
648
981
24
38
134
53
31
356
729
799
262
454
122
543
811
504
697
15
384
401
750
551
275
71
485
993
171
240
904
369
739
911
185
680
367
143
587
286
949
575
142
370
398
576
362
940
341
269
201
709
956
526
569
703
963
524
293
558
915
737
217
663
255
811
755
590
932
524
526
342
181
745
716
274
262
996
150
624
341
400
942
612
801
281
700
59
289
149
614
203
123
834
352
388
341
278
2
857
37
844
351
279
91
705
576
836
355
426
466
207
324
875
181
599
932
470
102
535
957
698
728
884
908
654
998
478
969
561
787
155
391
710
513
972
946
718
476
973
52
518
191
651
268
4
812
391
732
397
984
42
650
69
401
666
181
443
706
483
934
225
394
654
41
664
222
154
871
14
818
531
128
851
36
385
324
630
546
616
265
269
479
368
12
599
868
69
535
226
6
21
185
297
724
815
803
759
382
68
741
485
944
808
390
213
355
31
656
427
763
387
349
267
306
876
923
784
801
638
834
360
398
407
618
418
637
810
697
529
415
257
767
885
843
612
926
789
804
286
715
395
11
402
175
471
650
528
710
770
303
266
876
79
56
357
9
890
45
462
941
429
393
131
188
397
707
843
507
886
569
650
131
576
800
47
719
608
141
950
169
429
811
557
456
208
888
59
929
474
42
463
121
930
321
822
90
590
588
160
49
904
339
731
479
62
500
514
3
484
136
46
501
255
865
568
59
673
965
934
158
185
967
293
827
750
449
364
683
732
106
721
807
381
532
74
634
811
363
125
691
294
749
153
555
638
967
570
701
154
518
318
535
243
915
394
259
420
672
969
326
846
581
114
307
874
892
522
896
489
779
705
587
693
739
512
803
13
533
740
819
853
1
807
535
514
620
149
293
724
817
673
927
618
273
662
414
182
890
301
122
734
619
812
298
506
389
103
493
161
128
882
51
434
605
867
11
81
430
33
510
860
944
516
417
698
854
84
118
122
126
846
254
754
264
340
53
168
949
51
68
913
702
168
755
781
924
440
141
827
942
577
960
919
822
874
688
811
192
799
253
949
718
331
813
719
438
878
769
672
906
185
545
104
998
84
895
131
552
369
124
653
679
498
47
118
982
830
165
944
794
561
948
519
633
532
457
83
259
113
493
732
716
931
526
197
732
105
859
446
559
639
795
170
700
404
485
322
993
155
860
463
713
651
541
894
19
39
426
640
589
696
810
926
913
43
378
90
422
812
639
386
904
423
755
10
77
488
840
650
356
440
872
556
827
218
618
646
418
978
203
684
651
601
950
968
931
86
719
375
79
965
152
545
565
995
133
555
141
131
69
116
860
349
757
7
858
917
597
185
600
145
591
369
766
704
888
948
376
9
543
908
629
676
296
206
699
34
119
729
4
639
711
18
482
10
312
755
734
794
932
83
422
21
971
780
342
63
820
301
797
556
88
954
563
399
675
236
42
240
843
583
426
966
466
190
95
225
757
832
48
695
167
485
427
277
294
544
81
15
149
366
801
463
529
396
595
89
743
398
995
112
687
707
551
277
597
747
718
329
107
970
587
787
731
80
897
784
165
626
963
460
170
358
734
526
582
530
723
842
286
281
402
406
1
169
895
343
826
94
182
85
772
58
724
220
786
261
701
126
392
748
592
587
962
680
796
986
676
358
67
281
304
243
580
396
514
717
865
482
74
541
564
221
338
681
282
70
595
229
904
28
274
68
30
662
519
501
632
668
383
720
73
445
578
315
286
55
167
966
789
326
910
651
883
640
382
498
168
795
853
668
635
183
424
379
993
609
138
135
803
403
34
257
850
596
228
293
965
124
146
674
766
833
279
144
19
471
408
245
650
535
271
308
200
964
359
553
236
386
979
286
568
209
901
786
51
822
771
746
701
857
369
293
512
557
232
994
181
55
951
662
332
301
388
622
179
834
52
944
922
206
90
385
832
888
805
461
495
791
510
147
603
789
565
34
836
17
972
533
347
178
997
322
781
413
510
204
886
390
987
289
549
616
110
139
297
906
959
601
480
289
861
399
181
653
753
429
302
679
702
777
911
205
377
542
955
754
173
301
716
15
199
769
340
592
369
1
607
812
124
193
195
738
718
923
87
907
109
231
306
7
752
5
490
961
545
37
541
562
14
159
39
525
924
117
740
208
143
313
585
369
99
657
926
449
393
997
992
962
895
30
407
321
497
170
726
237
356
369
895
788
609
629
538
595
539
809
664
982
16
59
696
687
619
580
641
29
211
124
40
97
673
160
41
544
87
664
677
934
897
824
941
630
900
659
973
272
928
768
170
150
231
404
474
162
934
925
855
937
340
618
862
503
41
861
250
634
808
289
76
310
524
745
168
576
408
474
227
664
395
675
310
442
170
165
733
300
35
584
841
486
618
862
194
842
984
600
559
371
144
34
135
709
661
351
479
269
242
274
497
155
660
675
857
236
942
710
897
379
775
321
219
98
731
272
272
65
632
82
518
346
141
162
321
646
812
347
283
857
756
558
329
279
445
411
474
687
463
925
726
332
46
476
579
998
818
762
229
667
163
194
924
165
664
307
32
521
579
356
983
164
585
119
707
679
213
106
555
966
673
87
155
802
21
856
783
239
223
98
650
163
953
584
741
43
121
917
518
763
982
279
163
358
113
778
718
402
887
565
801
588
772
533
644
591
808
774
115
426
220
774
967
367
934
382
365
666
566
806
765
551
641
584
568
76
396
339
67
246
128
69
108
341
636
552
183
152
926
397
276
165
777
146
82
744
983
472
984
652
498
701
677
164
413
930
217
862
304
426
833
867
588
441
561
880
737
545
40
357
683
622
75
609
84
850
480
896
543
718
571
254
474
555
461
481
799
634
789
224
357
998
957
221
850
203
692
962
904
21
274
948
772
478
284
950
552
609
504
513
871
234
806
605
570
911
85
356
943
352
506
879
318
796
313
380
777
868
692
85
609
735
815
588
257
630
960
372
789
189
414
469
811
1000
348
530
681
793
920
224
399
854
246
191
618
236
948
439
721
840
465
542
786
722
25
468
114
452
782
720
840
377
463
711
788
653
636
336
793
909
566
433
70
423
861
980
345
378
548
223
420
421
918
732
182
316
868
324
862
985
768
352
65
593
672
485
826
214
703
817
534
938
302
31
381
744
128
986
621
954
183
948
504
760
188
662
313
300
742
453
795
607
474
501
762
685
78
194
149
786
854
257
937
663
413
761
772
181
977
950
925
812
64
604
527
176
582
660
800
182
618
902
748
594
294
1000
957
489
213
763
285
930
99
577
325
219
962
127
142
992
89
580
696
988
371
232
414
201
329
221
608
797
953
252
358
517
273
84
143
935
857
861
204
578
958
921
528
18
672
386
493
960
884
644
502
353
627
773
201
497
676
57
697
347
951
673
393
486
333
345
385
71
113
291
634
793
807
688
893
313
831
157
6
70
915
326
143
980
138
451
405
538
370
340
749
950
827
138
428
600
119
949
282
571
950
428
797
690
537
249
960
500
317
854
313
783
229
917
415
776
835
11
262
291
865
379
928
476
552
962
72
198
677
889
33
770
404
463
803
61
875
640
125
336
666
901
22
332
342
185
850
671
579
279
307
626
234
425
124
801
568
295
952
89
502
782
122
367
144
11
281
625
788
521
718
690
413
244
365
939
941
944
341
140
243
218
538
545
668
340
238
909
169
17
273
7
322
363
725
387
144
405
915
331
40
986
767
213
196
565
850
485
518
417
7
123
993
900
929
261
336
6
449
713
875
857
432
426
198
330
69
423
877
182
127
376
123
212
987
674
812
665
516
706
172
205
743
702
409
537
586
449
680
932
404
383
920
681
594
718
689
292
95
956
719
257
90
499
248
883
235
323
292
502
215
193
797
590
477
372
167
450
351
661
783
967
379
306
27
630
483
935
994
264
503
733
115
127
293
906
564
30
402
430
256
591
420
880
907
951
688
105
47
477
373
462
402
13
145
815
372
730
741
734
625
175
267
61
409
49
3
83
663
328
455
73
177
593
931
121
111
739
729
103
622
589
270
917
104
970
43
171
426
491
256
118
47
207
973
658
605
71
383
434
332
828
882
375
42
816
266
498
537
346
916
904
409
529
8
513
155
433
69
831
315
129
344
374
48
297
431
130
159
624
65
51
833
225
89
304
991
694
31
968
896
983
413
639
539
349
950
693
181
153
353
874
740
376
472
371
145
75
953
538
455
232
456
260
350
235
960
425
81
414
492
64
722
374
881
557
813
266
229
808
394
395
477
330
346
324
646
732
969
125
626
8
919
728
699
392
103
597
106
449
790
884
934
188
672
149
179
993
131
218
351
576
144
102
484
850
917
264
466
70
748
239
918
260
89
288
859
92
295
367
742
690
538
150
259
28
959
67
241
420
210
781
105
53
699
922
75
332
817
90
652
274
568
190
722
590
472
440
13
525
611
637
919
803
99
541
671
290
807
990
715
38
166
574
689
748
176
596
794
987
233
667
460
885
511
749
827
553
564
316
560
585
942
125
274
472
938
208
816
38
796
87
156
217
947
261
625
456
643
915
479
681
74
255
9
610
547
779
913
995
5
564
668
199
436
906
93
972
355
109
475
775
679
997
131
846
537
961
143
541
338
923
334
220
245
733
646
295
337
367
217
120
616
158
201
702
958
866
182
953
148
882
944
690
550
930
246
59
977
986
953
925
600
405
274
814
350
658
297
268
980
688
904
803
467
664
33
709
317
301
166
575
480
760
540
718
253
31
252
756
192
651
50
917
271
829
415
697
759
219
5
53
554
129
661
731
954
737
291
53
138
390
949
873
229
686
403
384
593
796
660
903
12
215
733
312
635
442
932
246
790
128
565
274
585
205
550
687
646
878
612
232
798
930
212
780
788
871
833
200
812
38
763
221
983
807
746
216
408
423
111
991
751
732
894
15
808
306
101
953
860
682
507
781
922
110
256
566
284
557
226
274
503
721
239
897
389
538
705
331
993
762
210
332
428
124
948
953
989
341
188
380
553
238
863
793
726
140
166
299
376
897
48
829
252
405
780
90
762
515
826
907
285
21
758
775
598
527
240
319
919
729
758
97
39
484
429
551
938
777
71
531
639
245
124
498
539
224
137
444
4
236
591
615
7
123
360
932
59
72
155
219
988
418
318
991
482
58
896
977
777
282
37
971
138
169
434
899
270
679
100
841
685
150
785
872
183
451
169
139
917
809
143
676
250
754
929
788
872
414
543
437
507
423
477
176
76
144
332
654
701
883
524
670
456
750
778
427
616
788
575
402
939
256
565
909
877
927
559
76
709
232
153
322
345
2
560
675
593
907
319
94
69
806
829
657
66
798
891
809
764
21
299
634
845
427
845
979
870
249
779
458
79
903
292
547
971
153
76
437
696
658
760
941
809
896
917
725
100
170
937
118
384
149
907
120
403
794
582
412
366
730
524
448
577
814
653
469
232
434
867
682
493
871
49
344
753
848
143
31
385
720
564
769
502
612
858
544
746
722
566
125
929
744
786
499
742
564
921
151
471
676
901
613
196
352
872
772
958
220
13
67
141
912
355
121
516
683
635
473
81
430
970
652
121
733
354
311
37
866
934
931
916
605
29
751
650
620
416
736
433
658
148
6
930
256
317
448
501
987
880
386
469
423
134
746
238
938
413
517
694
26
508
953
889
82
656
251
476
687
169
7
946
119
574
180
154
686
65
655
139
480
470
287
579
849
14
957
64
531
819
149
519
762
776
963
447
181
679
875
656
670
97
967
268
922
739
351
181
52
965
468
199
224
74
787
236
386
866
139
395
73
532
911
577
370
768
856
831
876
75
735
212
22
40
643
906
458
379
320
497
754
782
56
120
449
67
896
292
965
517
334
838
833
355
627
877
896
956
294
561
727
641
779
450
608
583
445
856
229
700
229
32
610
976
393
546
853
5
544
303
430
594
577
595
317
356
848
714
215
850
383
658
811
503
551
280
97
671
583
919
274
206
460
612
265
561
186
472
181
623
771
454
504
527
6
461
980
645
809
911
93
307
112
372
182
566
771
621
669
52
906
350
705
303
389
983
494
177
335
876
332
639
172
382
480
796
915
565
407
540
802
501
284
457
313
453
584
598
793
584
586
361
990
133
301
536
337
776
77
301
849
699
655
842
566
48
959
486
175
10
656
431
438
848
724
992
87
210
264
978
294
87
577
686
546
312
66
562
391
627
406
233
914
468
162
839
21
942
50
912
493
575
13
278
541
575
583
104
473
847
377
223
737
507
333
36
823
445
474
817
556
449
248
575
345
902
354
834
878
35
786
596
482
70
344
779
584
23
67
66
486
266
186
9
961
389
16
274
813
940
141
389
415
488
430
380
176
62
204
179
539
902
363
913
824
295
163
150
575
997
378
927
494
941
777
980
684
594
423
784
71
298
1
167
101
262
714
809
274
481
918
536
96
746
760
322
966
102
143
759
513
940
267
673
946
762
96
396
9
209
447
162
757
126
243
747
315
483
588
175
728
338
632
202
212
867
848
868
817
668
483
524
538
197
204
202
997
76
178
629
482
172
626
876
816
798
697
411
113
191
115
913
393
160
838
706
804
793
453
123
130
813
206
623
680
366
254
142
928
415
118
819
539
317
397
953
192
404
161
713
875
23
833
123
618
693
728
612
507
190
282
257
383
876
955
478
218
415
689
808
424
58
66
575
748
856
602
449
203
249
193
395
307
426
814
691
120
486
554
999
569
48
476
688
466
417
566
985
612
53
457
15
463
761
489
71
361
191
652
328
314
495
124
535
809
759
619
726
880
81
387
590
959
160
50
524
660
567
410
627
555
734
157
788
362
32
618
782
871
465
273
570
69
64
337
11
357
438
481
495
169
593
932
640
76
865
626
796
462
332
924
79
566
1
604
119
184
315
35
384
805
345
310
414
982
234
343
290
838
444
693
508
148
183
119
82
368
941
525
581
903
707
186
354
736
15
399
129
912
345
832
114
578
544
917
143
128
356
357
684
453
552
434
612
753
10
575
908
772
407
760
603
251
364
318
623
283
382
481
476
119
732
657
724
547
803
205
102
248
45
929
73
923
218
404
549
849
268
928
190
873
622
528
949
593
458
641
698
971
802
636
441
285
898
944
103
489
15
186
373
185
30
255
893
240
154
562
632
553
309
603
467
308
756
516
542
391
872
529
518
177
808
300
653
952
574
128
804
712
542
285
940
471
11
767
109
459
893
499
469
151
617
366
944
682
983
552
227
103
147
81
403
413
462
598
932
343
646
99
867
445
2
95
440
556
600
859
118
132
440
199
390
86
515
811
45
397
382
217
952
445
677
289
242
537
817
478
209
557
703
570
17
853
55
377
209
950
497
265
309
262
173
898
429
538
957
166
168
52
154
140
826
404
987
832
381
887
66
822
143
673
218
99
517
406
670
201
843
632
723
314
734
523
785
415
89
851
164
675
122
26
935
433
11
913
591
389
496
287
619
324
926
96
100
234
415
691
344
728
447
15
157
4
511
457
476
616
520
221
42
462
432
649
204
434
256
996
551
598
157
351
398
437
289
816
539
88
570
835
744
109
577
323
913
22
775
302
486
846
352
331
793
859
741
335
32
609
903
581
98
436
752
776
630
684
205
409
8
89
306
249
689
757
314
630
429
72
284
217
66
392
139
945
443
135
423
267
501
328
941
438
499
678
820
355
575
256
935
89
45
665
411
38
765
126
402
515
239
331
51
857
613
354
420
300
608
369
491
410
100
210
778
977
738
852
848
774
564
719
729
105
378
159
35
946
461
438
437
661
544
999
850
52
649
9
408
643
63
717
505
567
423
448
410
952
126
278
385
179
310
420
60
886
842
478
934
316
618
478
293
50
522
118
866
718
878
367
225
577
351
279
535
214
578
621
122
637
781
630
947
725
765
278
753
73
788
519
700
662
871
197
595
774
232
114
69
412
172
609
692
550
186
412
143
463
654
903
456
444
774
571
534
869
442
224
582
202
142
158
677
988
691
272
704
762
849
536
129
170
769
544
50
444
495
311
218
641
684
551
695
399
669
770
891
759
986
81
872
89
692
268
519
493
387
895
948
11
838
145
673
12
223
905
527
376
878
568
401
6
512
799
872
243
827
247
548
449
880
817
964
433
694
350
249
19
105
426
815
802
376
487
125
929
969
792
543
205
313
256
663
991
851
427
620
515
231
140
654
484
910
746
814
552
412
225
864
820
818
282
563
523
610
724
387
973
46
189
675
115
160
578
327
959
118
44
955
770
50
248
572
99
172
128
336
591
467
520
300
741
659
89
987
960
757
998
406
189
560
415
148
352
247
671
61
215
168
961
887
824
742
431
987
455
824
219
444
875
24
46
651
365
433
241
790
109
970
892
476
882
391
887
385
663
358
366
602
483
677
334
764
867
707
826
117
190
729
814
519
564
177
563
372
980
205
848
355
691
161
654
831
626
801
478
636
66
702
464
802
417
845
335
795
224
534
318
310
553
991
214
272
472
379
269
106
918
928
426
511
92
799
329
178
667
334
148
518
200
750
328
337
727
624
587
532
633
705
785
34
864
147
568
138
898
320
545
115
791
62
830
674
798
178
516
361
852
447
173
664
354
915
94
787
657
489
209
981
954
554
497
418
359
514
394
474
176
494
648
355
709
2
925
118
34
817
807
999
266
140
854
83
340
430
444
792
394
719
315
14
210
512
89
925
29
57
523
911
650
932
556
460
433
202
224
419
849
925
63
536
345
798
712
502
141
731
275
427
474
721
403
685
966
183
78
530
97
998
790
647
35
429
133
62
297
984
12
740
772
675
90
276
966
177
309
992
640
431
845
749
289
257
873
648
305
799
797
271
880
133
59
464
435
754
981
654
681
915
553
307
692
453
260
502
958
165
598
917
517
850
688
715
84
395
783
72
594
959
440
493
882
250
21
381
261
929
238
411
845
681
512
805
775
834
888
176
776
519
868
381
284
295
851
176
97
33
886
104
616
946
525
827
931
507
563
965
624
336
497
545
547
84
923
543
430
916
838
845
327
545
28
558
630
964
978
582
646
193
904
469
957
326
546
77
939
903
978
136
501
187
862
972
680
159
211
297
693
411
319
414
389
868
821
343
152
794
671
282
398
376
960
960
461
394
840
891
477
960
3
734
276
308
779
560
544
792
586
215
121
735
38
565
794
194
247
334
354
290
661
372
344
595
98
775
867
714
810
201
910
242
509
501
220
700
635
525
281
418
480
121
570
768
490
431
765
555
936
892
971
501
607
61
566
909
216
17
101
451
653
703
478
405
234
64
420
853
32
51
844
618
134
315
835
510
612
2
566
408
353
359
416
103
252
277
124
292
133
927
161
471
989
874
560
3
552
470
705
408
4
352
147
822
940
376
884
88
452
15
937
736
327
361
563
717
501
844
937
351
66
819
416
390
253
583
431
838
841
41
620
380
379
785
617
680
119
772
104
58
77
601
843
65
670
182
222
343
627
19
21
689
127
417
124
292
360
767
185
182
663
221
727
131
278
188
819
929
578
806
506
803
156
483
842
681
289
295
343
863
792
340
121
827
394
406
942
343
828
620
548
246
596
126
461
114
957
957
921
623
384
793
439
188
74
852
197
949
78
990
420
819
395
473
252
501
7
833
761
502
69
175
159
486
897
645
614
207
298
894
154
606
250
270
544
895
64
697
406
351
383
369
683
775
239
268
438
999
226
848
223
979
628
230
142
986
593
44
789
203
733
580
496
92
222
125
709
524
9
351
40
350
743
785
666
708
169
774
500
432
705
33
873
896
60
982
818
71
899
743
316
895
72
396
488
118
620
202
461
672
492
249
206
107
565
769
958
996
141
830
801
197
514
27
908
361
348
337
341
227
516
752
512
692
217
847
45
952
890
750
187
355
464
748
109
780
879
688
239
452
586
625
508
560
969
727
463
998
703
319
841
75
335
660
383
443
338
338
960
161
582
659
512
787
899
508
795
642
521
685
688
148
76
23
118
359
615
873
147
902
609
120
701
206
517
45
540
244
541
992
379
308
547
498
399
625
969
152
77
808
799
54
284
629
39
921
683
874
342
443
87
127
333
398
331
822
752
434
337
341
770
853
821
468
589
105
734
45
298
350
254
359
142
949
391
372
485
74
436
87
686
798
800
277
398
467
225
69
969
808
816
451
709
747
202
993
257
1
259
938
148
47
196
460
827
911
596
609
968
548
837
693
258
621
621
161
723
541
5
60
950
713
909
460
990
197
388
948
566
848
678
80
313
990
184
266
94
307
522
507
871
133
932
773
36
462
271
364
812
317
691
580
245
566
448
547
219
609
104
366
478
600
280
442
647
347
224
781
599
145
103
139
638
303
541
789
872
515
436
870
582
201
400
648
874
42
715
944
573
243
546
622
433
392
275
435
832
755
413
574
338
685
585
828
336
617
906
802
538
666
21
157
507
233
142
890
616
365
681
927
766
289
148
278
894
823
455
699
593
856
210
174
77
123
54
14
804
9
535
97
596
161
472
816
97
201
273
899
417
658
958
864
93
469
953
118
715
479
601
704
281
444
180
98
147
694
158
373
721
490
369
364
951
404
749
825
885
772
245
729
236
990
124
246
949
774
288
785
718
450
322
7
379
3
186
16
640
798
711
744
652
317
923
867
37
171
604
831
87
301
213
939
4
201
124
409
469
402
345
200
966
469
704
304
394
339
919
989
778
110
870
763
371
960
577
249
790
549
7
838
595
328
222
660
180
39
676
235
222
546
709
841
495
488
338
529
490
734
39
821
732
850
218
561
758
338
175
338
688
927
195
908
646
834
350
310
892
983
585
938
824
827
605
59
337
909
735
757
23
104
259
102
880
433
308
786
408
156
126
26
283
663
24
258
129
396
593
891
257
28
507
973
351
214
97
82
847
38
592
517
556
728
578
834
163
797
516
197
522
425
581
350
289
232
826
181
134
201
118
817
472
78
672
141
710
346
279
880
656
751
837
689
761
992
183
713
7
626
256
808
323
74
109
221
736
654
222
821
670
254
471
890
304
646
480
482
552
562
366
221
351
873
218
47
445
774
800
419
560
820
821
397
98
612
103
404
876
647
84
377
219
298
836
562
454
402
98
904
82
125
56
430
516
138
648
816
233
693
607
532
406
749
514
526
27
257
213
748
781
691
723
339
112
844
873
948
468
537
240
471
377
720
244
928
527
460
719
764
716
343
754
719
983
729
865
353
511
130
76
700
504
291
23
918
239
478
312
637
830
258
368
591
569
688
134
389
421
230
821
200
443
933
137
531
1000
458
234
318
499
187
159
151
73
455
135
59
157
390
168
621
933
349
374
699
121
92
609
264
802
915
913
924
114
914
657
183
748
30
248
920
157
772
902
102
367
801
423
275
718
337
907
265
331
281
670
44
34
230
178
287
31
931
881
440
475
210
123
569
967
529
187
648
861
398
453
152
640
56
672
713
535
283
718
659
933
411
84
299
427
934
633
918
754
453
223
830
671
920
144
448
941
208
478
108
242
850
653
575
491
96
778
760
865
449
683
113
410
490
702
624
241
823
56
419
402
814
756
52
281
884
347
917
1000
642
704
658
799
249
700
966
904
215
986
314
67
435
139
318
176
960
222
262
20
497
457
96
884
252
626
578
388
880
531
477
616
424
15
129
224
564
175
433
755
941
442
126
475
990
929
640
757
496
120
856
290
442
431
643
517
481
251
147
231
809
985
702
881
945
520
92
401
524
39
47
359
322
24
1000
448
515
362
129
15
963
224
908
966
510
80
344
435
448
596
344
50
552
882
638
600
560
905
870
812
116
997
894
434
983
411
933
712
585
536
132
629
491
781
912
99
583
554
353
213
54
231
729
229
263
870
442
730
65
453
2
131
868
368
497
992
74
330
304
577
445
894
526
536
169
507
35
953
686
955
509
125
324
753
13
315
275
455
532
566
936
